Using 'gini'










   max_depth  Precision  Recall  F1-Score
0          1       0.60    0.72      0.64
1          2       0.69    0.73      0.64
2          5       0.70    0.73      0.67
3          8       0.70    0.72      0.68
4         10       0.68    0.70      0.68
5         20       0.68    0.70      0.68
6         30       0.68    0.70      0.68
7         50       0.68    0.70      0.68
8         80       0.68    0.70      0.68
9        100       0.68    0.70      0.68
Using 'entropy'










   max_depth  Precision  Recall  F1-Score
0          1       0.56    0.72      0.62
1          2       0.65    0.73      0.64
2          5       0.70    0.73      0.67
3          8       0.70    0.72      0.68
4         10       0.69    0.72      0.68
5         20       0.69    0.72      0.69
6         30       0.69    0.72      0.69
7         50       0.69    0.72      0.69
8         80       0.69    0.72      0.69
9        100       0.69    0.72      0.69
Using Criteria = 'entropy', splitter = 'best', and max_depth = 20 













    max_features  Precision  Recall  F1-Score
0              1       0.68    0.71      0.68
1              2       0.69    0.71      0.68
2              3       0.68    0.70      0.67
3              4       0.68    0.71      0.68
4              5       0.69    0.71      0.68
5              6       0.68    0.71      0.68
6              7       0.68    0.71      0.68
7              8       0.68    0.70      0.68
8              9       0.68    0.70      0.67
9             10       0.69    0.70      0.68
10            11       0.69    0.70      0.68
11            12       0.68    0.70      0.67
12            13       0.69    0.72      0.69
