jackrabbit

F1-Score = 0.7
F1-Score = 0.7
F1-Score = 0.7
F1-Score = 0.7
F1-Score = 0.7
F1-Score = 0.7
F1-Score = 0.7
F1-Score = 0.7
F1-Score = 0.7
F1-Score = 0.7
           C  Precision  Recall  F1-Score
0     0.0001       0.88    0.58       0.7
1     0.0010       0.89    0.58       0.7
2     0.0100       0.89    0.58       0.7
3     0.1000       0.88    0.58       0.7
4     1.0000       0.88    0.58       0.7
5    10.0000       0.88    0.58       0.7
6    50.0000       0.88    0.58       0.7
7   100.0000       0.87    0.58       0.7
8   500.0000       0.89    0.58       0.7
9  1000.0000       0.88    0.58       0.7
jdt

F1-Score = 0.9
F1-Score = 0.9
F1-Score = 0.9
F1-Score = 0.9
F1-Score = 0.9
F1-Score = 0.9
F1-Score = 0.9
F1-Score = 0.9
F1-Score = 0.9
F1-Score = 0.9
           C  Precision  Recall  F1-Score
0     0.0001       0.99    0.82       0.9
1     0.0010       0.99    0.82       0.9
2     0.0100       0.99    0.82       0.9
3     0.1000       0.99    0.82       0.9
4     1.0000       0.99    0.82       0.9
5    10.0000       0.99    0.82       0.9
6    50.0000       0.99    0.82       0.9
7   100.0000       0.99    0.82       0.9
8   500.0000       0.99    0.82       0.9
9  1000.0000       0.99    0.82       0.9
lucene

F1-Score = 0.87
F1-Score = 0.86
F1-Score = 0.86
F1-Score = 0.85
F1-Score = 0.84
F1-Score = 0.84
F1-Score = 0.84
F1-Score = 0.84
F1-Score = 0.84
F1-Score = 0.84
           C  Precision  Recall  F1-Score
0     0.0001       0.99    0.77      0.87
1     0.0010       0.97    0.77      0.86
2     0.0100       0.97    0.78      0.86
3     0.1000       0.94    0.77      0.85
4     1.0000       0.93    0.77      0.84
5    10.0000       0.93    0.77      0.84
6    50.0000       0.93    0.77      0.84
7   100.0000       0.93    0.77      0.84
8   500.0000       0.93    0.77      0.84
9  1000.0000       0.93    0.77      0.84
xorg

F1-Score = 0.89
F1-Score = 0.89
F1-Score = 0.89
F1-Score = 0.89
F1-Score = 0.89
F1-Score = 0.89
F1-Score = 0.89
F1-Score = 0.89
F1-Score = 0.89
F1-Score = 0.89
           C  Precision  Recall  F1-Score
0     0.0001       0.99    0.81      0.89
1     0.0010       0.99    0.81      0.89
2     0.0100       0.99    0.82      0.89
3     0.1000       0.99    0.82      0.89
4     1.0000       0.99    0.82      0.89
5    10.0000       0.99    0.82      0.89
6    50.0000       0.99    0.82      0.89
7   100.0000       0.99    0.82      0.89
8   500.0000       0.98    0.82      0.89
9  1000.0000       0.99    0.82      0.89
