Using Gini
   n_estimators  Precision  Recall  F1-Score
0             1       0.67    0.68      0.66
1             2       0.69    0.72      0.65
2             5       0.70    0.72      0.68
3             8       0.70    0.72      0.66
4            10       0.71    0.72      0.67
5            20       0.72    0.73      0.67
6            30       0.72    0.73      0.67
7            50       0.72    0.73      0.67
8            80       0.71    0.73      0.67
9           100       0.72    0.73      0.67

Using Entropy
   n_estimators  Precision  Recall  F1-Score
0             1       0.68    0.70      0.67
1             2       0.69    0.72      0.65
2             5       0.70    0.73      0.68
3             8       0.71    0.73      0.66
4            10       0.72    0.73      0.67
5            20       0.72    0.73      0.67
6            30       0.72    0.73      0.67
7            50       0.72    0.73      0.67
8            80       0.72    0.74      0.67
9           100       0.72    0.74      0.67

Using n_estimators = 5
   max_depth  Precision  Recall  F1-Score
0          1       0.56    0.72      0.62
1          2       0.68    0.73      0.64
2          5       0.72    0.73      0.67
3          8       0.71    0.73      0.68
4         10       0.70    0.73      0.68
5         20       0.70    0.73      0.68
6         30       0.70    0.73      0.68
7         50       0.70    0.73      0.68
8         80       0.70    0.73      0.68
9        100       0.70    0.73      0.68

Using n_estimators = 5 and max_depth = 10
    max_features  Precision  Recall  F1-Score
0              1       0.72    0.74      0.66
1              2       0.72    0.73      0.67
2              3       0.71    0.74      0.67
3              4       0.72    0.74      0.68
4              5       0.70    0.73      0.67
5              6       0.71    0.73      0.68
6              7       0.71    0.73      0.68
7              8       0.71    0.73      0.68
8              9       0.71    0.73      0.68
9             10       0.71    0.73      0.68
10            11       0.71    0.73      0.68
11            12       0.71    0.73      0.68
12            13       0.70    0.73      0.68
   Precision  Recall  F1-Score
0       0.71    0.73      0.68
